1608212086
1608192020
1608143901
1608113718
1608094800
1608026945
1607961087
1607936405
1607852520
1607693751
1607673001
1607626424
1607598000
1607554241
1607509238
1607499000
1607434073
1607414401
1607346001
1607335201
1607180400
1607079003
1607067014
1606996627
1606982400
1606901400
1606839589
1606824001
1606804200
1606738808
1606713300
1606473916
1606400106
1606386600
1606334026
1606297501
1606280400
1606213737
1606153855
1606125536
1605972162
1605880800
1605865203
1605855600
1605781121
1605762901
1605694220
1605632130
1605605401
1605531798
1605509110
1605286897
1605267378
1605247200
1605182486
1605164401
1605103722
1605081601
1605034357
1605002572
1604986200
1604921400
1604898001
1604685948
1604664900
1604639700
1604577909
1604556000
1604414589
1604394300
1604323805
1604296800
1604164815
1604060100
1604045132
1604034901
1603972318
1603896011
1603868400
1603792975
1603775700
1603709339
1603693800
1603575431
1603450231
1603432800
1603352331
1603296240
1603189800
1603123734
1603101600
1603034942
1602858000
1602832500
1602763898
1602741600
1602668401
1602651601
1602582300
1602492300
1602478801
1602236724
1602219600
1602136801
1602070017
1602003170
1601933400
1601893800
1601883000
1601655168
1601637902
1601617500
1601553218
1601535419
1601479800
1601456430
1601390853
1601359201
1601290534
1601197201
1601026200
1601010001
1600934201
1600863256
1600846038
1600765801
1600683300
1600670394
1600443438
1600421401
1600333201
1600271220
1600236000
1600176601
1600153200
1600082400
1600071301
1600008387
1599826205
1599811200
1599800400
1599730871
1599656400
1599581594
1599550005
1599473400
1599329092
1599210004
1599139800
1599120031
1599062422
1599037248
1598997600
1598950800
1598889604
1598850001
1598686209
1598615934
1598594400
1598529333
1598504401
1598418000
1598343301
1598331900
1598272207
1598245501
1598151600
1598009989
1597989600
1597932901
1597852430
1597764787
1597683600
1597656601
1597645800
1597420775
1597379400
1597302842
1597221600
1597140007
1597087446
1597057255
1596898163
1596788113
1596729620
1596690000
1596628197
1596556822
1596517200
1596444715
1596433500
1596217903
1596199082
1596186771
1596142860
1596092400
1596019212
1595928625
1595912701
1595834142
1595594045
1595572201
1595489404
1595414835
1595397601
1595327417
1595256720
1595230258
1594996856
1594967400
1594884609
1594812443
1594794600
1594733755
1594706400
1594636200
1594621801
1594396319
1594383088
1594358100
1594292116
1594197901
1594123200
1594050365
1594022400
1593791862
1593766200
1593705289
1593681300
1593666000
1593519300
1593502375
1593447006
1593422498
1593412201
1593186783
1593161700
1593091526
1593064800
1592931752
1592908020
1592846968
1592807760
1592686826
1592565954
1592514060
1592479215
1592428500
1592380801
1592302827
1592283601
1592215493
1592054832
1591875600
1591860000
1591805243
1591768801
1591714800
1591683300
1591615505
1591599600
1591437600
1591355219
1591333201
1591266600
1591200261
1591106400
1591074000
1591012801
1590993000
1590849920
1590753587
1590741042
1590669900
1590651000
1590615000
1590584400
1590520989
1590493234
1590447600
1590402601
1590236787
1590149802
1590136543
1590076878
1589991634
1589961600
1589891730
1589873427
1589797809
1589727469
1589530302
1589475601
1589448601
1589388986
1589353200
1589283122
1589263200
1589051293
1588941901
1588935601
1588912201
1588845001
1588772523
1588753800
1588679496
1588370400
1588266033
1588246200
1588230000
1588163401
1588118400
1588078801
1588062906
1587986101
1587834041
1587726906
1587706200
1587636295
1587619617
1587565675
1587531600
1587466500
1587399835
1587369601
1587222883
1587116150
1587103200
1587018600
1586958995
1586932200
1586872568
1586847601
1586779923
1586699171
1586535269
1586518514
1586503845
1586449007
1586420944
1586348106
1586329800
1586268300
1586250415
1586182527
1586156406
1585930224
1585907401
1585892424
1585825517
1585752932
1585722301
1585655429
1585583398
1585569613
1585544401
1585415736
1585319401
1585308600
1585291489
1585238788
1585219814
1585202400
1585139737
1585064760
1585027800
1584959486
1584890220
1584709287
1584697200
1584682200
1584612062
1584537958
1584518411
1584440119
1584386150
1584354600
1584334801
1584087600
1584075601
1584000008
1583936117
1583908229
1583827698
1583747445
1583504959
1583490000
1583472600
1583394600
1583299800
1583215200
1583144701
1583128800
1582885801
1582873200
1582798200
1582779601
1582711201
1582628405
1582358904
1582273820
1582207200
1582179601
1582103100
1582023615
1582002001
1581935056
1581867487
1581673500
1581621936
1581589501
1581498909
1581453947
1581406920
1581325379
1581102788
1581062400
1580982000
1580943600
1580878800
1580808304
1580738402
1580716800
1580482487
1580454600
1580382028
1580308214
1580290463
1580216191
1580191200
1580104801
1579870801
1579845601
1579774536
1579699801
1579682701
1579632779
1579600800
1579533000
1579424400
1579256160
1579239000
1579167671
1579092600
1579074572
1579008601
1578927463
1578898801
1578660629
1578632400
1578556801
1578468987
1578200400
1577795782
1577715265
1577692685
1577454320
1577439084
1577426401
1577386410
1577349212
1577261400
1577251800
1577194200
1577176712
1577114804
1577094613
1577075401
1576846506
1576836000
1576825200
1576763515
1576756801
1576669994
1576645200
1576570556
1576492801
1576480558
1576245142
1576228763
1576216800
1576130401
1576071598
1576050600
1575991513
1575972011
1575959400
1575886603
1575867601
1575626317
1575612001
1575546094
1575537000
1575494778
1575455501
1575435600
1575377400
1575351000
1575283560
1575271800
1575037440
1575016801
1575003601
1574931629
1574917201
1574856000
1574831701
1574766170
1574744400
1574656201
1574422358
1574330401
1574268826
1574235938
1574154018
1574139600
1574053201
1573894805
1573821029
1573801822
1573734624
1573709400
1573638600
1573621201
1573549201
1573464900
1573452001
1573212613
1573200001
1573102800
1573027200
1572945301
1572624300
1572603301
1572588000
1572524155
1572445805
1572422400
1572336000
1572264444
1572254100
1572080703
1572004447
1571987714
1571905800
1571898869
1571839200
1571819580
1571747408
1571720400
1571656500
1571641200
1571402400
1571382001
1571306439
1571290200
1571217300
1571202001
1571136326
1571126400
1571047200
1571038236
1570801501
1570785355
1570709701
1570693844
1570624201
1570599001
1570521600
1570448728
1570431600
1570202415
1570179300
1570129806
1570089601
1570028078
1569994201
1569928500
1569914033
1569854700
1569836714
1569699366
1569587401
1569574219
1569505210
1569482733
1569405600
1569387601
1569314725
1569240600
1569223200
1568985300
1568969774
1568959919
1568872800
1568782800
1568708400
1568639700
1568610001
1568369700
1568304892
1568278800
1568200531
1568174400
1568106001
1568049050
1568012401
1568000454
1567826807
1567772032
1567759914
1567717200
1567679407
1567663201
1567616351
1567584000
1567515312
1567414801
1567400400
1567177200
1567157707
1567148401
1567086300
1567063586
1566988201
1566975600
1566895025
1566882001
1566806976
1566788400
1566559914
1566541800
1566469243
1566450001
1566388150
1566301500
1566279600
1566196201
1565947070
1565933400
1565855547
1565843401
1565733447
1565683200
1565587800
1565354796
1565330400
1565267031
1565238601
1565161200
1565100055
1565019308
1564992901
1564758001
1564735976
1564673255
1564644600
1564500518
1564475412
1564398636
1564151400
1564130134
1564081200
1564038156
1563961501
1563944401
1563865201
1563798600
1563782401
1563546000
1563528301
1563459646
1563434720
1563360900
1563350658
1563276301
1563198000
1563023400
1562926271
1562918401
1562861580
1562843410
1562760001
1562675237
1562652000
1562571979
1562396400
1562325300
1562302800
1562227200
1562148180
1562136488
1562055900
1561996800
1561966660
1561724101
1561714200
1561704605
1561698000
1561631727
1561613401
1561544164
1561528801
1561464000
1561446000
1561376258
1561142804
1561115127
1561105177
1561048695
1561036676
1560989784
1560932100
1560873601
1560842099
1560763800
1560523324
1560507601
1560496698
1560431701
1560409858
1560264300
1560253934
1560175201
1560161940
1560153600
1560038401
1559995801
1559977200
1559921400
1559908801
1559898307
1559891336
1559880016
1559824200
1559804400
1559797200
1559735700
1559716201
1559648700
1559573841
1559552400
1559538000
1559291511
1559277900
1559201400
1559118664
1559053200
1559032807
1559019601
1558946313
1558707705
1558684447
1558641242
1558598400
1558531370
1558510897
1558436401
1558360801
1558332000
1558104951
1558078201
1558012512
1557991800
1557917400
1557894600
1557820184
1557761400
1557734400
1557329256
1557313260
1557301735
1557219607
1557148907
1557120600
1556624509
1556607600
1556521200
1556291132
1556264820
1556256600
1556196609
1556184009
1556170200
1556102400
1556082000
1556020850
1556004601
1555938884
1555920505
1555678801
1555665657
1555658122
1555603201
1555578691
1555510544
1555490525
1555422830
1555402906
1555390800
1555325826
1555304400
1555083000
1555058722
1555047001
1554978600
1554966342
1554958801
1554899700
1554870601
1554799521
1554733800
1554714001
1554467265
1554451005
1554392285
1554367097
1554351601
1554280279
1554259189
1554211301
1554186601
1554114269
1554094800
1553861700
1553852805
1553839200
1553759032
1553745600
1553679001
1553662801
1553605201
1553587201
1553529318
1553508000
1553353668
1553261956
1553251688
1553232601
1553162520
1553148001
1553073300
1553015431
1552995604
1552935900
1552904408
1552727351
1552646100
1552629601
1552556401
1552543201
1552500553
1552453201
1552384800
1552310408
1552282200
1552139889
1551963625
1551950040
1551940200
1551917173
1551867355
1551789601
1551765600
1551690516
1551449346
1551435757
1551400795
1551348015
1551344400
1551272401
1551261621
1551183001
1551165301
1551083015
1550835900
1550815201
1550761206
1550743296
1550725201
1550660160
1550645877
1550587537
1550579401
1550564879
1550550600
1550492700
1550476800
1550440801
1550244574
1550230200
1550224636
1550212201
1550137702
1550116801
1550042114
1549976401
1549958242
1549893600
1549861201
1549622471
1549611191
1549555200
1549527600
1549453500
1549440481
1549373089
1549346400
1549286624
1549265618
1549026286
1549009279
1548942000
1548923706
1548910800
1548841819
1548826201
1548741601
1548734400
1548651600
1548415260
1548396001
1548325800
1548315149
1548304200
1548240000
1548172907
1548148500
1548080775
1548068400
1548044469
1547808726
1547793000
1547730000
1547701201
1547630100
1547557153
1547533801
1547460901
1547207040
1547188200
1547120580
1547028626
1546868721
1546578000
1546356960
1546290000
1546105203
1545997733
1545990166
1545976801
1545916500
1545903485
1545888601
1545821752
1545811801
1545743079
1545715801
1545638181
1545462001
1545394800
1545379200
1545330657
1545310407
1545292201
1545246085
1545206403
1545169208
1545138427
1545112801
1545050089
1545034283
1544798054
1544787301
1544779727
1544770802
1544708040
1544635577
1544602165
1544533230
1544515499
1544448632
1544427003
1544400002
1544167253
1544099401
1544088903
1544072401
1544000474
1543933920
1543911239
1543893120
1543834121
1543823100
1543588020
1543575442
1543564634
1543505985
1543485943
1543471201
1543330800
1543296601
1543246800
1543225351
1542980216
1542961505
1542883981
1542870001
1542803873
1542783625
1542706212
1542617087
1542603601
1542372601
1542365423
1542344400
1542275994
1542258001
1542182727
1542123000
1542101893
1542042001
1542022200
1541997000
1541768661
1541757393
1541746800
1541682342
1541666268
1541597339
1541573259
1541517211
1541492057
1541172600
1541156401
1541142000
1541087460
1541070000
1541005320
1540985220
1540967401
1540905300
1540894621
1540831896
1540811351
1540804817
1540798326
1540723320
1540570920
1540551242
1540531801
1540472760
1540452484
1540382401
1540364400
1540291501
1540226211
1540212901
1540105200
1539955025
1539940669
1539930601
1539867601
1539849601
1539782400
1539773244
1539763739
1539693240
1539676801
1539602401
1539414000
1539352020
1539343706
1539333960
1539270703
1539241225
1539171600
1539100754
1539079946
1539057600
1539006081
1538978400
1538746614
1538734150
1538728820
1538664793
1538628740
1538566201
1538502300
1538485200
1538463601
1538400600
1538388000
1538378033
1538318100
1538145959
1538128492
1538115300
1538052403
1538031601
1537960559
1537945201
1537885811
1537870750
1537851601
1537780713
1537703101
1537535411
1537513451
1537461964
1537436401
1537390801
1537350798
1537333201
1537198201
1537180201
1536999278
1536926401
1536916800
1536849898
1536839040
1536820500
1536768171
1536754501
1536725701
1536657000
1536638401
1536582645
1536564718
1536523863
1536324332
1536315589
1536303932
1536243330
1536231001
1536206401
1536151958
1536130800
1536079500
1536041241
1535991981
1535972401
1535785236
1535722608
1535710201
1535704200
1535635588
1535620585
1535603401
1535546182
1535461078
1535445300
1535376330
1535189583
1535111008
1535101800
1535031918
1535008528
1534929742
1534854454
1534835700
1534771649
1534748851
1534513624
1534501733
1534485601
1534415479
1534404305
1534355101
1534330993
1534251944
1534230047
1534149300
1533906545
1533899886
1533887240
1533821477
1533802072
1533724018
1533655744
1533618000
1533528000
1533295947
1533214129
1533193200
1533132139
1533109634
1533052379
1533020401
1532942656
1532710501
1532692800
1532660401
1532612833
1532584800
1532511221
1532444401
1532413800
1532349001
1532264400
1532082529
1532005127
1531984604
1531890001
1531834453
1531812600
1531747608
1531735215
1531717200
1531479075
1531458000
1531391401
1531382504
1531319543
1531299600
1531234800
1531215901
1531152378
1530996087
1530880480
1530865472
1530803149
1530788057
1530710407
1530693600
1530626699
1530546912
1530476596
1530265805
1530259200
1530202292
1530184500
1530128805
1530089711
1530042801
1530006091
1529942338
1529927607
1529869475
1529697150
1529652216
1529589156
1529566265
1529502601
1529427278
1529395491
1529330054
1529295301
1529171830
1529077235
1529070316
1529054313
1528989937
1528952400
1528888501
1528866001
1528804801
1528549200
1528524900
1528455142
1528439400
1528382700
1528351200
1528284600
1528268400
1528187701
1528129330
1528038000
1527862985
1527768000
1527755356
1527681600
1527597000
1527573600
1527518700
1527508800
1527496200
1527332400
1527288634
1527259172
1527245100
1527238588
1527172200
1527148800
1527073200
1526965200
1526901087
1526654540
1526585044
1526551200
1526469300
1526381409
1526360400
1526278500
1526044124
1525952007
1525793253
1525685389
1525440446
1525410000
1524935034
1524906355
1524824851
1524805200
1524668492
1524486600
1524241072
1524218557
1524135600
1524043800
1523880000
1523849398
1523626905
1523549088
1523454040
1523428200
1523294136
1523275200
1523181600
1522948262
1522916080
1522838400
1522686056
1522426248
1522336532
1522251157
1522159747
1522081297
1521817200
1521725067
1521633600
1521539778
1521468000
1521215511
1521132683
1521018900
1520943078
1520845920
1520438102
1520412321
1520316000
1520084574
1519984148
1519892400
1519809300
1519653000
1519630818
1519308301
1519236439
1519192800
1519114653
1518850800
1518793405
1518774432
1518762600
1518679254
1518534312
1518505265
1518374055
1518188410
1518168440
1518087548
1518076800
1517932141
1517833800
1517570134
1517479467
1517379300
1517223600
1516980713
1516953600
1516875549
1516784400
1516623190
1516600800
1516356848
1516288029
1516197900
1516092684
1515758533
1515651300
1515501657
1515163015
1514889152
1514547808
1514358000
1514208600
1513951489
1513930839
1513781783
1513692000
1513601157
1513338100
1513234800
1513090800
1512982800
1512723600
1512626400
1512486042
1512382088
1512166879
1512052504
1512035727
1511965162
1511888698
1511876273
1511845740
1511783458
1511721060
1511627485
1511550150
1511537848
1511504961
1511447931
1511428453
1511361092
1511337300
1511278200
1511198389
1511161200
1511094418
1510937975
1510922171
1510908631
1510835697
1510755000
1510675473
1510587000
1510572600
1510430567
1510328831
1510308396
1510237920
1510222107
1510156239
1510143224
1510120800
1509948000
1509714075
1509630646
1509524700
1509443148
1509380889
1509129553
1509008623
1508914800
1508756400
1508572800
1508486400
1508317200
1508241600
1508162400
1507968000
1507888837
1507811131
1507647600
1507614353
1507299993
1507219200
1507197000
1507117796
1507030200
1506942000
1506693600
1506578400
1506405600
1506095100
1506070800
1505918673
1505887200
1505754321
1505495773
1505455200
1505320200
1505206800
1505124000
1504863006
1504792659
1504760400
1504688400
1504623600
1504591200
1504527000
1504353600
1504246800
1504108658
1503982800
1503817200
1503647340
1503561600
1503487200
1503381600
1503293400
1503043230
1502892000
1502714339
1502460870
1502355671
1502136005
1501868224
1501673400
1501259719
1501169400
1501074000
1500976010
1500653324
1500557931
1500444000
1500292800
1500049743
1500022800
1499942179
1499779800
1499503136
1499431849
1499331600
1499090400
1498838400
1498765974
1498662000
1498489200
1498409650
1498216268
1498131149
1497976200
1497862073
1497628027
1497520800
1497358800
1497025559
1496928506
1496851200
1496826000
1496665853
1496646000
1496498400
1496482961
1496469600
1496415600
1496405702
1496390400
1496314800
1496229437
1496152800
1496122200
1495815739
1495784100
1495700147
1495619928
1495450800
1495200600
1495095246
1495018800
1494828000
1494588960
1494574064
1494421200
1494054000
1493974800
1493897400
1493715600
1493375316
1493290800
1493182800
1493032278
1492772129
1492610400
1492426800
1492188920
1492088500
1491976800
1491900732
1491730354
1491458400
1491383322
1491234590
1491125821
1490968800
1490943600
1490867700
1490788800
1490680800
1490431660
1490346000
1490169955
1490017103
1489838400
1489752000
1489654940
1489494202
1489406400
1489151633
1489067346
1488883443
1488812965
1488539578
1488468234
1488355200
1488295800
1488279600
1488200400
1487929140
1487754000
1487593800
1487563200
1487340000
1487258389
1487169554
1487065402
1486846800
1486733128
1486679400
1486632600
1486558800
1486472400
1486447200
1486199048
1486111008
1485967816
1485867722
1485779597
1485521431
1485356400
1485237656
1484935221
1484859622
1484739036
1484608187
1484571485
1484325150
1484239488
1484142484
1483741327
1483442060
1483119551
1483027058
1483001912
1482922299
1482834544
1482678945
1482480000
1482338152
1482164878
1482073200
1481877600
1481804090
1481727600
1481695200
1481598000
1481537100
1481436000
1481288400
1481194267
1481094598
1481022471
1480927870
1480760692
1480671144
1480582073
1480505622
1480417401
1480341600
1480150800
1480068000
1479973973
1479813776
1479718800
1479564809
1479459600
1479366000
1479216683
1479103260
1478848800
1478770312
1478689838
1478604600
1478510710
1478195847
1478169411
1478083251
1477993875
1477908000
1477675372
1477638000
1477472428
1477335360
1477301074
1477051702
1476959580
1476892832
1476804222
1476702169
1476458774
1476439200
1476351841
1476259200
1476170187
1476095527
1475856000
1475823600
1475749053
1475670653
1475643600
1475568000
1475497080
1475470800
1475323200
1475245800
1475226000
1475136000
1475055064
1474968734
1474891383
1474704000
1474621200
1474538400
1474461900
1474375830
1474292934
1474046411
1473963900
1473932800
1473840359
1473699962
1473667200
1473432811
1473420051
1473323400
1473170400
1473080400
1473051600
1472886000
1472826840
1472736101
1472652131
1472553002
1472464697
1472284800
1472198400
1472114387
1471967106
1471869475
1471621553
1471595030
1471515690
1471348800
1471259160
1471015805
1470937777
1470821889
1470739247
1470470400
1470387421
1470253337
1470068581
1469865600
1469795100
1469739900
1469648309
1469467080
1469367031
1469180785
1469096640
1468939146
1468882977
1468662183
1468583103
1468499880
1468397501
1468225760
1468001751
1467889187
1467729960
1467554748
1467378000
1467286800
1467192083
1467114856
1467025607
1466855063
1466767698
1466665200
1466589600
1466520840
1466453602
1466406038
1466253000
1466177026
1466171487
1466165274
1466143200
1466060400
1465977600
1465902000
1465647300
1465545564
1465318283
1465249620
1465045914
1464890490
1464804842
1464683940
1464532781
1464343212
1464195673
1464095676
1464010200
1463753878
1463729506
1463654520
1463560177
1463265833
1463130000
1462981917
1462860000
1462703382
1462541553
1462443237
1462359000
1462077920
1461940698
1461842326
1461757764
1461672907
1461654000
1461573489
1461329267
1461230667
1461151760
1461072027
1460975264
1460725808
1460640512
1460469480
1460442616
1460271507
1460036714
1460022188
1459857782
1459545859
1459501227
1459327558
1459230536
1459107819
1458890799
1458821318
1458635442
1458467199
1458282958
1458117019
1457973413
1457778660
1457672068
1457506913
1457100750
1457021309
1456903259
1456822842
1456553993
1456470000
1456297855
1455970308
1455877842
1455709502
1455570060
1455364013
1455276484
1455198620
1455029910
1454914817
1454666683
1454490029
1454159812
1453976991
1453804443
1453715408
1453478369
1453372674
1453122104
1452862977
1452702712
1452602647
1452343070
1451891065
1451559107
1451401200
1451305734
1451278800
1451031701
1450935000
1450786591
1450692263
1450453306
1450337542
1450161634
1450079609
1449823678
1449637200
1449234291
1449052491
1448883370
1448553391
1448436705
1448031645
1448007336
1447848036
1447665080
1447417811
1447320440
1447145427
1446813147
1446706534
1446461278
1446127248
1446035081
1445865470
1445537959
1445493600
1445271548
1444916135
1444859127
1444658449
1444243779
1444116884
1443798973
1443624588
1443516978
1443432993
1443102796
1442997011
1442827961
1442559600
1442372400
1442236961
1441987853
1441883538
1441800000
1441630800
1441342800
1441196593
1441105205
1440612154
1440496201
1440352872
1440082074
1439990778
1439820032
1439477544
1439225196
1438935369
1438697722
1438353045
1438181081
1438004012
1437662956
1437484000
1437151980
1437029396
1436858316
1436524394
1436369837
1436187456
1435936617
1435758665
1435554000
1435228900
1435054045
1434806930
1434637747
1434457880
1434013815
1433786127
1433496600
1433397600
1433170800
1433059200
1432810383
1432566844
1432294590
1432044936
1431702620
1431430330
1431072893
1430994701
1430822773
1430417090
1430316275
1430298976
1430217820
1429886516
1429790515
1429609423
1429277514
1429077600
1428732994
1428649200
1428498673
1428386400
1428048321
1427959440
1427465425
1427355358
1427180393
1426864083
1426765046
1426665600
1426482000
1426235463
1426140000
1425963178
1425554312
1425298177
1425053542
1424896204
1424689200
1424333338
1423760216
1423729140
1423480802
1423142949
1423044352
1422868898
1422461241
1422349353
1422154800
1421933979
1421853562
1421775886
1421685820
1421405880
1421315492
1421163295
1421077634
1420840220
1420019244
1419922800
1419857499
1419832800
1419588648
1419506801
1419416140
1419337013
1419232531
1418986690
1418827868
1418724000
1418643508
1418406578
1418302520
1418203057
1418045829
1417942101
1417775824
1417681620
1417623455
1417514154
1417182598
1417158000
1417071600
1416992728
1416828735
1416585235
1416487720
1416392231
1416306467
1416218041
1415955629
1415868395
1415723586
1415640160
1415381814
1415368417
1415284059
1415203980
1414769290
1414735200
1414583668
1414512619
1414417819
1414158894
1414060953
1413972380
1413881513
1413794154
1413544840
1413367047
1413205202
1412874517
1412840393
1412691785
1412589125
1412341556
1412261050
1412170718
1412067016
1411993543
1411752734
1411714800
1411550649
1411473509
1411367520
1411136922
1411117834
1411032834
1410971539
1410861939
1410771519
1410459789
1410335891
1410182539
1409936286
1409840787
1409753916
1409642661
1409560787
1409231917
1409155648
1409068618
1408955587
1408636893
1408597200
1408523245
1408379069
1408104363
1407994993
1407833392
1407743621
1407490811
1407336084
1407246085
1407233852
1407099600
1406897004
1406881494
1406736446
1406647924
1406556940
1406300311
1406174400
1406024890
1405930130
1405667000
1405522236
1405438024
1405361600
1405328221
1405086144
1404979968
1404902270
1404764987
1404493588
1404464505
1404378334
1404233326
1404149634
1404125760
1403890949
1403798549
1403710438
1403589600
1403513263
1403257057
1403176271
1403087550
1403016542
1402984800
1402903583
1402496371
1402417067
1402330103
1402069762
1401982982
1401878137
1401787056
1401724127
1401700100
1401466406
1401444158
1401358316
1401287667
1401198949
1401174887
1401111097
1401090627
1400926579
1400847319
1400767528
1400698895
1400669410
1400598890
1400583121
1400499378
1400254853
1400173166
1400083085
1399996774
1399896406
1399564834
1399470783
1399372055
1399288396
1399036048
1398868865
1398780686
1398670929
1398437685
1398353590
1398277601
1398232800
1398157016
1398078027
1397883260
1397826748
1397668320
1397640398
1397562821
1397486338
1397456883
1397215258
1397121282
1397043231
1396962393
1396874408
1396671420
1396544525
1396448880
1396369313
1396281540
1396031616
1395995824
1395905211
1395826104
1395757517
1395674778
1395472338
1395322250
1395250202
1395160796
1395052966
1394824805
1394727669
1394652086
1394553270
1394519683
1394191380
1394124740
1394028439
1393999200
1393860435
1393765620
1393583475
1393430593
1393350157
1393310897
1393237846
1393102776
1393061245
1392989863
1392971923
1392911842
1392900456
1392879600
1392822187
1392804062
1392789600
1392724774
1392708515
1392626860
1392560514
1392485177
1392396345
1392380873
1392364270
1392300000
1392277880
1392209527
1392197895
1392134881
1392105997
1392030924
1392020820
1391884803
1391777270
1391688767
1391598162
1391519008
1391507883
1391432455
1391269007
1391234400
1391173419
1391091792
1391004978
1390934309
1390830808
1390804412
1390564740
1390488715
1390405919
1390372200
1390285031
1390047789
1389941592
1389868535
1389791612
1389698696
1389607628
1389352932
1389269902
1388769580
1388492775
1388410057
1388332550
1388148766
1388072431
1388048307
1387957774
1387895940
1387829939
1387783717
1387519200
1387382061
1387294030
1387191188
1386947657
1386926767
1386836541
1386777770
1386737940
1386664944
1386590988
1386378981
1386329249
1386240525
1386157308
1386074057
1385984331
1385742411
1385729095
1385652756
1385560402
1385479035
1385453337
1385383814
1385293181
1385122646
1385038642
1384950765
1384867713
1384792434
1384767092
1384524183
1384427280
1384341540
1384256681
1384162140
1383836820
1383823740
1383726240
1383519440
1383238500
1383227431
1383130440
1383121163
1382986440
1382957220
1382532540
1382366040
1382094180
1381998420
1381921200
1381777200
1381473840
1381234680
1380884700
1380780960
1380371400
1380131820
1380011400
1379659920
1379593800
1379324160
1379061960
1378795380
1378536300
1378392780
1378212300
1377880260
1377621900
1377367380
1377091500
1376829120
1376389860
1376032980
1375910160
1375692600
1375447380
1375361940
1375186440
1374826920
1374688440
1374528060
1374234120
1374064920
1373634360
1373535960
1373351700
1372860180
1372433400
1372305300
1372063260
1371807660
1371574320
1371216300
1370606580
1370420820
1370176140
1370005500
1369834800
1369699920
1369474920
1369297080
1369078980
1368640020
1368439800
1368191220
1367499600
1367236200
1366628880
1366041000
1364802960
1363862340
1363601520
1362994080
1362381720
1361630400
1361521200
1360753680
1360260600
1359722700
1359047220
1357897440
1356436620
1355996640
1355731020
1355382780
1355124480
1354235940
1353061860
1352869200
1352290680
1351837080
1351071000
1350633840
1350273060
1349440500
1348826640
1348141920
1347448860
1346910780
1346394840
1345040700
1343902380
1343280120
1342508880
1341560040
1340790360
1340177400
1339140540
1337926200
1337608800
1336973400
1335614400
1335164400
1334308260
1333551660
1332997200
1332178080
1331735760
1330421760
1329384780
1329112200
1327657020
1326352500
1325245920
1324965360
1324551240
1323933780
1323597660
1323162900
1322488860
1321885920
1321283280
1320647880
1320040440
1319713500
1319108580
1318438440
1317883260
1317123360
1316509500
1315481100
1314941880
